$ANSIBLE_VAULT;1.1;AES256
37393462333336343061316534643138356262316434393563643735663237643462376263663263
3536643565636435343465613066343132666665653964360a356639623031653634346561383831
36313030323164313965313162373539626465633065336236356635656661356366396334633762
3738313732616536300a646233333430643238353131393936313065613636326162353238306364
36623531633561343533646430633861373738636239306431623063663039366561353434626534
37323163383861633764353536633433343837653736396164626132393237356437316438383937
63343831653439396464343866393639616139333263346636623334373435346134353963626363
32363263343236356634613266316535343731393763666538663431633732353162326334313635
63643531326638363764323038383532353634316565333364313831376430396135313863356461
62343436363631343830363362396662303034656237616636393031343734656430316162623531
65323033386563616336306261386266343863643265653830323739363639326266633633313962
36623835306133393762
